 51538  6260 26160 19413 18384  9862 19054 55666
 49793  7127 58288 30844 43333  3784 12310 38443
 34484 55207  7759 46572 57957 37256 61352 54170
 42408 33275 33066 31133 44769 61947 19466 19068
 62189 61750 34307 25740 30284  7317  1376 44124
  3167 47759 30913  9597 14899 61803   318 20826
  8184 52597 33796 49209  1608  6818 38723  6991
 55184 11146  1288 46670 42401 44812 21280 36979
 62528  4791 54676 28856  6497 61843 56128 49568
 35494 58043 64565 46821 31912 28651 19414 26599
 60672 43690 18060 57746 20375 47129 41665 18923
 40367 55641 29967  7837 63707 42279 61817 15371
 14575 32597 55080 36576  1911 22006 20914 55417
 50600 65144  9599 60523 26776 59544 30042 58988
 14749  3082 49094 63939 62613 32371 49589  4363
 19635 14093  4677 50607 44275 30082 44302 39819
  1235 56336 24156 50860 55449 58227 31209 51075
 31242 18539  1037 61360 19999 26544 60520 59540
 25921 37793 54692 48080 39960 18659
